camera_matrix:
- - 2714.115994222055
  - 0.0
  - 2023.6337074266505
- - 0.0
  - 2729.510416494859
  - 1200.5403915462368
- - 0.0
  - 0.0
  - 1.0
camera_u: 2232
camera_v: 3968
dist_coeff:
- - 0.011110844213002482
  - 1.5430546252070119
  - 0.003311335399326658
  - 0.003060477072555861
  - -7.206273011884736
information: Camera calibration parameters
