camera_matrix:
- - 133.28866085767376
  - 0.0
  - 312.252012345671
- - 0.0
  - 138.27366612161953
  - 133.40152832925963
- - 0.0
  - 0.0
  - 1.0
camera_u: 360
camera_v: 640
dist_coeff:
- - -0.1105383498182884
  - 0.025309418005352434
  - -0.013077302036824088
  - -0.010795195123301378
  - -0.002479748662990042
information: Camera calibration parameters
