camera_matrix:
- - 214.6762408377865
  - 0.0
  - 297.96269131125393
- - 0.0
  - 205.44855854627144
  - 199.26364189953634
- - 0.0
  - 0.0
  - 1.0
camera_u: 360
camera_v: 640
dist_coeff:
- - -0.13386079086811092
  - 0.13627186214264778
  - 0.011038323118057419
  - 0.04955702323530189
  - -0.030793930695630908
information: Camera calibration parameters
